123
234
456123
234
456123
234
456123
234
456123
234
456123
234
456123
234
456123
234
456123
234
456123
234
456123
234
456123
234
456123
234
456123
234
456123
234
456123
234
456123
234
456123
234
456123
234
456123
234
456123
234
456123
234
456123
234
456123
234
456123
234
456123
234
456123
234
456123
234
456123
234
456123
234
456123
234
456123
234
456123
234
456123
234
456123
234
456123
234
456123
234
456123
234
456123
234
456123
234
456123
234
456123
234
456123
234
456123
234
456123
234
456123
234
456123
234
456123
234
456123
234
456123
234
456123
234
456123
234
456123
234
456123
234
456123
234
456123
234
456123
234
456123
234
456123
234
456123
234
456123
234
456123
234
456123
234
456123
234
456123
234
456123
234
456123
234
456123
234
456123
234
456123
234
456123
234
456123
234
456123
234
456123
234
456123
234
456123
234
456123
234
456123
234
456123
234
456123
234
456123
234
456123
234
456123
234
456123
234
456123
234
456123
234
456123
234
456123
234
456123
234
456123
234
456123
234
456123
234
456123
234
456123
234
456123
234
456123
234
456123
234
456123
234
456123
234
456123
234
456123
234
456123
234
456123
234
456123
234
456123
234
456123
234
456123
234
456123
234
456123
234
456123
234
456123
234
456123
234
456123
234
456123
234
456123
234
456123
234
456123
234
456123
234
456123
234
456123
234
456123
234
456123
234
456123
234
456
